1,5906,7087,5906,6693,2,100,10,6,16,39563,   ,   ,20,80,0,TOP_260_0,TOP_261_0,   ,1,NET_260,NET_261
2,29528,6693,29528,7087,2,100,10,6,16,39564,   ,   ,20,80,0,TOP_316_0,TOP_317_0,   ,1,NET_316,NET_317
3,53150,6693,53150,7087,2,100,10,6,16,39564,   ,   ,20,80,0,TOP_372_0,TOP_373_0,   ,1,NET_372,NET_373
4,76772,6693,76772,7087,2,100,10,6,16,39564,   ,   ,20,80,0,TOP_428_0,TOP_429_0,   ,1,NET_428,NET_429
5,100394,6693,100394,7087,2,100,10,6,16,39564,   ,   ,20,80,0,TOP_484_0,TOP_485_0,   ,1,NET_484,NET_485
6,124016,6693,124016,7087,2,100,10,6,16,39564,   ,   ,20,80,0,TOP_540_0,TOP_541_0,   ,1,NET_540,NET_541
7,5906,19685,5906,20866,1,50,10,10,   ,79528,   ,   ,20,80,0,G_18_17,TOP_62_0,   ,1,NET_18,NET_62
8,29528,19685,29528,20866,1,50,10,10,   ,79527,   ,   ,20,80,0,G_19_17,TOP_92_0,   ,1,NET_19,NET_92
9,53150,19685,53150,20866,1,50,10,10,   ,79528,   ,   ,20,80,0,G_20_17,TOP_122_0,   ,1,NET_20,NET_122
10,76772,19685,76772,20866,1,50,10,10,   ,79527,   ,   ,20,80,0,G_21_17,TOP_152_0,   ,1,NET_21,NET_152
11,100394,19685,100394,20866,1,50,10,10,   ,79528,   ,   ,20,80,0,G_22_17,TOP_182_0,   ,1,NET_22,NET_182
12,124016,19685,124016,20866,1,50,10,10,   ,79527,   ,   ,20,80,0,G_23_17,TOP_212_0,   ,1,NET_23,NET_212
13,124016,76772,124016,74803,1,50,10,6,   ,4164,   ,   ,20,80,0,G_23_42,TOP_569_0,   ,1,NET_23,NET_569
14,124016,76772,124016,77165,1,50,10,10,   ,394033,   ,   ,20,80,0,G_23_42,TOP_217_0,   ,1,NET_23,NET_217
15,120079,85433,120079,85827,1,50,10,10,   ,196529,   ,   ,20,80,0,G_22_118,TOP_188_1,   ,1,NET_22,NET_188
16,120079,90158,120079,90551,1,50,10,10,   ,118101,   ,   ,20,80,0,G_22_120,TOP_189_1,   ,1,NET_22,NET_189
17,124016,88583,124016,88976,1,50,10,10,   ,196528,   ,   ,20,80,0,G_23_45,TOP_218_0,   ,1,NET_23,NET_218
18,124016,91732,124016,92126,1,50,10,10,   ,118100,   ,   ,20,80,0,G_23_47,TOP_219_0,   ,1,NET_23,NET_219
19,124016,93307,124016,93701,1,50,10,10,   ,19685,   ,   ,20,80,0,G_23_48,TOP_220_0,   ,1,NET_23,NET_220
20,124016,94882,124016,95276,1,50,10,10,   ,11811,   ,   ,20,80,0,G_23_49,TOP_221_0,   ,1,NET_23,NET_221
21,124016,96457,124016,96850,1,50,10,10,   ,7874,   ,   ,20,80,0,G_23_50,TOP_222_0,   ,1,NET_23,NET_222
22,124016,98032,124016,98425,1,50,10,10,   ,3937,   ,   ,20,80,0,G_23_51,TOP_223_0,   ,1,NET_23,NET_223
23,124016,105906,124016,104331,1,50,10,6,   ,39597,   ,   ,20,80,0,G_23_52,TOP_574_0,   ,1,NET_23,NET_574
24,124016,105906,124016,104724,1,50,10,6,   ,39597,   ,   ,20,80,0,G_23_52,TOP_575_0,   ,1,NET_23,NET_575
25,124016,105906,124016,106299,1,50,10,10,   ,39370,   ,   ,20,80,0,G_23_52,TOP_224_0,   ,1,NET_23,NET_224
26,124016,107480,124016,107874,1,50,10,10,   ,39370,   ,   ,20,80,0,G_23_54,TOP_225_0,   ,1,NET_23,NET_225
27,124016,109055,124016,109449,1,50,10,10,   ,39370,   ,   ,20,80,0,G_23_56,TOP_226_0,   ,1,NET_23,NET_226
28,124411,117321,124017,115746,1,50,10,6,   ,41365,   ,   ,20,80,0,G_23_84,TOP_579_0,   ,1,NET_23,NET_579
29,124411,117321,124411,115746,1,50,10,6,   ,40568,   ,   ,20,80,0,G_23_84,TOP_580_0,   ,1,NET_23,NET_580
30,124411,117321,124018,117321,1,50,10,10,   ,40021,   ,   ,20,80,0,G_23_84,TOP_227_0,   ,1,NET_23,NET_227
31,124018,118503,124018,118897,1,50,10,10,   ,39370,   ,   ,20,80,0,G_23_58,TOP_228_0,   ,1,NET_23,NET_228
32,123623,120470,124017,120470,1,50,10,10,   ,39965,   ,   ,20,80,0,G_23_60,TOP_229_0,   ,1,NET_23,NET_229
33,124017,122439,124017,122045,1,50,10,10,   ,39371,   ,   ,20,80,0,G_23_62,TOP_230_0,   ,1,NET_23,NET_230
34,124411,123621,124017,123621,1,50,10,10,   ,39957,   ,   ,20,80,0,G_23_86,TOP_231_0,   ,1,NET_23,NET_231
35,120474,123620,120080,123620,1,50,10,10,   ,39958,   ,   ,20,80,0,G_22_138,TOP_201_1,   ,1,NET_22,NET_201
36,120080,122440,120080,122046,1,50,10,10,   ,39371,   ,   ,20,80,0,G_22_136,TOP_200_1,   ,1,NET_22,NET_200
37,119687,120471,120081,120471,1,50,10,10,   ,39965,   ,   ,20,80,0,G_22_96,TOP_199_1,   ,1,NET_22,NET_199
38,120081,118503,120081,118897,1,50,10,10,   ,39370,   ,   ,20,80,0,G_22_134,TOP_198_1,   ,1,NET_22,NET_198
39,120474,117321,120080,117321,1,50,10,10,   ,40021,   ,   ,20,80,0,G_22_132,TOP_197_1,   ,1,NET_22,NET_197
40,120474,117321,120081,115746,1,50,10,6,   ,40568,   ,   ,20,80,0,G_22_132,TOP_524_1,   ,1,NET_22,NET_524
41,120474,117321,120474,115746,1,50,10,6,   ,41365,   ,   ,20,80,0,G_22_132,TOP_523_1,   ,1,NET_22,NET_523
42,120079,109055,120079,109449,1,50,10,10,   ,39370,   ,   ,20,80,0,G_22_130,TOP_196_1,   ,1,NET_22,NET_196
43,120079,107480,120079,107874,1,50,10,10,   ,39370,   ,   ,20,80,0,G_22_128,TOP_195_1,   ,1,NET_22,NET_195
44,120079,105906,120079,106299,1,50,10,10,   ,39370,   ,   ,20,80,0,G_22_126,TOP_194_1,   ,1,NET_22,NET_194
45,120079,105906,120079,104724,1,50,10,6,   ,39597,   ,   ,20,80,0,G_22_126,TOP_519_1,   ,1,NET_22,NET_519
46,120079,105906,120079,104331,1,50,10,6,   ,39597,   ,   ,20,80,0,G_22_126,TOP_518_1,   ,1,NET_22,NET_518
47,110236,93307,110236,93701,1,50,10,10,   ,19685,   ,   ,20,80,0,G_22_91,TOP_190_1,   ,1,NET_22,NET_190
48,106299,94882,106299,95276,1,50,10,10,   ,11811,   ,   ,20,80,0,G_22_90,TOP_191_1,   ,1,NET_22,NET_191
49,104331,96457,104331,96850,1,50,10,10,   ,7874,   ,   ,20,80,0,G_22_89,TOP_192_1,   ,1,NET_22,NET_192
50,102362,98032,102362,98425,1,50,10,10,   ,3937,   ,   ,20,80,0,G_22_88,TOP_193_1,   ,1,NET_22,NET_193
51,96457,105906,96457,104331,1,50,10,6,   ,39597,   ,   ,20,80,0,G_21_126,TOP_462_1,   ,1,NET_21,NET_462
52,96457,105906,96457,104724,1,50,10,6,   ,39597,   ,   ,20,80,0,G_21_126,TOP_463_1,   ,1,NET_21,NET_463
53,96457,105906,96457,106299,1,50,10,10,   ,39370,   ,   ,20,80,0,G_21_126,TOP_164_1,   ,1,NET_21,NET_164
54,96457,107480,96457,107874,1,50,10,10,   ,39370,   ,   ,20,80,0,G_21_128,TOP_165_1,   ,1,NET_21,NET_165
55,96457,109055,96457,109449,1,50,10,10,   ,39370,   ,   ,20,80,0,G_21_130,TOP_166_1,   ,1,NET_21,NET_166
56,96852,117321,96459,115746,1,50,10,6,   ,40568,   ,   ,20,80,0,G_21_132,TOP_468_1,   ,1,NET_21,NET_468
57,96852,117321,96852,115746,1,50,10,6,   ,41365,   ,   ,20,80,0,G_21_132,TOP_467_1,   ,1,NET_21,NET_467
58,96852,117321,96458,117321,1,50,10,10,   ,40021,   ,   ,20,80,0,G_21_132,TOP_167_1,   ,1,NET_21,NET_167
59,96459,118503,96459,118897,1,50,10,10,   ,39370,   ,   ,20,80,0,G_21_134,TOP_168_1,   ,1,NET_21,NET_168
60,96065,120471,96459,120471,1,50,10,10,   ,39965,   ,   ,20,80,0,G_21_96,TOP_169_1,   ,1,NET_21,NET_169
61,96458,122440,96458,122046,1,50,10,10,   ,39371,   ,   ,20,80,0,G_21_136,TOP_170_1,   ,1,NET_21,NET_170
62,96851,123620,96458,123620,1,50,10,10,   ,39957,   ,   ,20,80,0,G_21_138,TOP_171_1,   ,1,NET_21,NET_171
63,96457,145276,96457,144094,1,50,10,10,   ,39370,   ,   ,20,80,0,G_21_142,TOP_172_1,   ,1,NET_21,NET_172
64,96457,148701,96457,147244,1,50,10,10,   ,39370,   ,   ,20,80,0,G_21_144,TOP_173_1,   ,1,NET_21,NET_173
65,96457,151890,96457,150394,1,50,10,10,   ,39370,   ,   ,20,80,0,G_21_146,TOP_174_1,   ,1,NET_21,NET_174
66,96457,155118,96457,153543,1,50,10,10,   ,39370,   ,   ,20,80,0,G_21_148,TOP_175_1,   ,1,NET_21,NET_175
67,96457,157268,96457,156693,1,50,10,10,   ,39370,   ,   ,20,80,0,G_21_150,TOP_176_1,   ,1,NET_21,NET_176
68,96457,157268,96457,158268,1,50,10,10,   ,39370,   ,   ,20,80,0,G_21_150,TOP_177_1,   ,1,NET_21,NET_177
69,96457,159449,96457,159842,1,50,10,10,   ,39370,   ,   ,20,80,0,G_21_152,TOP_178_1,   ,1,NET_21,NET_178
70,96457,161221,96457,161417,1,50,10,10,   ,39370,   ,   ,20,80,0,G_21_154,TOP_179_1,   ,1,NET_21,NET_179
71,96457,162874,96457,162992,1,50,10,6,   ,39370,   ,   ,20,80,0,G_21_98,TOP_481_1,   ,1,NET_21,NET_481
72,96457,164468,96457,164567,1,50,10,6,   ,39370,   ,   ,20,80,0,G_21_100,TOP_482_1,   ,1,NET_21,NET_482
73,100394,164468,100394,164567,1,50,10,6,   ,39370,   ,   ,20,80,0,G_22_82,TOP_538_0,   ,1,NET_22,NET_538
74,100394,162874,100394,162992,1,50,10,6,   ,39370,   ,   ,20,80,0,G_22_80,TOP_537_0,   ,1,NET_22,NET_537
75,100394,161221,100394,161417,1,50,10,10,   ,39370,   ,   ,20,80,0,G_22_78,TOP_209_0,   ,1,NET_22,NET_209
76,100394,159449,100394,159842,1,50,10,10,   ,39370,   ,   ,20,80,0,G_22_76,TOP_208_0,   ,1,NET_22,NET_208
77,100394,157268,100394,158268,1,50,10,10,   ,39370,   ,   ,20,80,0,G_22_74,TOP_207_0,   ,1,NET_22,NET_207
78,100394,157268,100394,156693,1,50,10,10,   ,39370,   ,   ,20,80,0,G_22_74,TOP_206_0,   ,1,NET_22,NET_206
79,100394,155118,100394,153543,1,50,10,10,   ,39370,   ,   ,20,80,0,G_22_72,TOP_205_0,   ,1,NET_22,NET_205
80,100394,151890,100394,150394,1,50,10,10,   ,39370,   ,   ,20,80,0,G_22_70,TOP_204_0,   ,1,NET_22,NET_204
81,100394,148701,100394,147244,1,50,10,10,   ,39370,   ,   ,20,80,0,G_22_68,TOP_203_0,   ,1,NET_22,NET_203
82,100394,145276,100394,144094,1,50,10,10,   ,39370,   ,   ,20,80,0,G_22_66,TOP_202_0,   ,1,NET_22,NET_202
83,124016,145276,124016,144094,1,50,10,10,   ,39370,   ,   ,20,80,0,G_23_66,TOP_232_0,   ,1,NET_23,NET_232
84,124016,148701,124016,147244,1,50,10,10,   ,39370,   ,   ,20,80,0,G_23_68,TOP_233_0,   ,1,NET_23,NET_233
85,124016,151890,124016,150394,1,50,10,10,   ,39370,   ,   ,20,80,0,G_23_70,TOP_234_0,   ,1,NET_23,NET_234
86,124016,155118,124016,153543,1,50,10,10,   ,39370,   ,   ,20,80,0,G_23_72,TOP_235_0,   ,1,NET_23,NET_235
87,124016,157268,124016,156693,1,50,10,10,   ,39370,   ,   ,20,80,0,G_23_74,TOP_236_0,   ,1,NET_23,NET_236
88,124016,157268,124016,158268,1,50,10,10,   ,39370,   ,   ,20,80,0,G_23_74,TOP_237_0,   ,1,NET_23,NET_237
89,124016,159449,124016,159842,1,50,10,10,   ,39370,   ,   ,20,80,0,G_23_76,TOP_238_0,   ,1,NET_23,NET_238
90,124016,161221,124016,161417,1,50,10,10,   ,39370,   ,   ,20,80,0,G_23_78,TOP_239_0,   ,1,NET_23,NET_239
91,124016,162874,124016,162992,1,50,10,6,   ,39370,   ,   ,20,80,0,G_23_80,TOP_593_0,   ,1,NET_23,NET_593
92,124016,164468,124016,164567,1,50,10,6,   ,39370,   ,   ,20,80,0,G_23_82,TOP_594_0,   ,1,NET_23,NET_594
93,72835,164468,72835,164567,1,50,10,6,   ,39370,   ,   ,20,80,0,G_20_100,TOP_426_1,   ,1,NET_20,NET_426
94,72835,162874,72835,162992,1,50,10,6,   ,39370,   ,   ,20,80,0,G_20_98,TOP_425_1,   ,1,NET_20,NET_425
95,72835,161221,72835,161417,1,50,10,10,   ,39370,   ,   ,20,80,0,G_20_154,TOP_149_1,   ,1,NET_20,NET_149
96,72835,159449,72835,159842,1,50,10,10,   ,39370,   ,   ,20,80,0,G_20_152,TOP_148_1,   ,1,NET_20,NET_148
97,72835,157268,72835,158268,1,50,10,10,   ,39370,   ,   ,20,80,0,G_20_150,TOP_147_1,   ,1,NET_20,NET_147
98,72835,157268,72835,156693,1,50,10,10,   ,39370,   ,   ,20,80,0,G_20_150,TOP_146_1,   ,1,NET_20,NET_146
99,72835,155118,72835,153543,1,50,10,10,   ,39370,   ,   ,20,80,0,G_20_148,TOP_145_1,   ,1,NET_20,NET_145
100,72835,151890,72835,150394,1,50,10,10,   ,39370,   ,   ,20,80,0,G_20_146,TOP_144_1,   ,1,NET_20,NET_144
101,72835,148701,72835,147244,1,50,10,10,   ,39370,   ,   ,20,80,0,G_20_144,TOP_143_1,   ,1,NET_20,NET_143
102,72835,145276,72835,144094,1,50,10,10,   ,39370,   ,   ,20,80,0,G_20_142,TOP_142_1,   ,1,NET_20,NET_142
103,73229,123620,72836,123620,1,50,10,10,   ,39958,   ,   ,20,80,0,G_20_138,TOP_141_1,   ,1,NET_20,NET_141
104,72836,122440,72836,122046,1,50,10,10,   ,39371,   ,   ,20,80,0,G_20_136,TOP_140_1,   ,1,NET_20,NET_140
105,72443,120471,72837,120471,1,50,10,10,   ,39965,   ,   ,20,80,0,G_20_96,TOP_139_1,   ,1,NET_20,NET_139
106,72837,118503,72837,118897,1,50,10,10,   ,39370,   ,   ,20,80,0,G_20_134,TOP_138_1,   ,1,NET_20,NET_138
107,73230,117321,72836,117321,1,50,10,10,   ,40020,   ,   ,20,80,0,G_20_132,TOP_137_1,   ,1,NET_20,NET_137
108,73230,117321,72837,115746,1,50,10,6,   ,40568,   ,   ,20,80,0,G_20_132,TOP_412_1,   ,1,NET_20,NET_412
109,73230,117321,73230,115746,1,50,10,6,   ,41365,   ,   ,20,80,0,G_20_132,TOP_411_1,   ,1,NET_20,NET_411
110,72835,109055,72835,109449,1,50,10,10,   ,39370,   ,   ,20,80,0,G_20_130,TOP_136_1,   ,1,NET_20,NET_136
111,72835,107480,72835,107874,1,50,10,10,   ,39370,   ,   ,20,80,0,G_20_128,TOP_135_1,   ,1,NET_20,NET_135
112,72835,105906,72835,106299,1,50,10,10,   ,39370,   ,   ,20,80,0,G_20_126,TOP_134_1,   ,1,NET_20,NET_134
113,72835,105906,72835,104724,1,50,10,6,   ,39597,   ,   ,20,80,0,G_20_126,TOP_407_1,   ,1,NET_20,NET_407
114,72835,105906,72835,104331,1,50,10,6,   ,39597,   ,   ,20,80,0,G_20_126,TOP_406_1,   ,1,NET_20,NET_406
115,76772,98032,76772,98425,1,50,10,10,   ,3937,   ,   ,20,80,0,G_21_51,TOP_163_0,   ,1,NET_21,NET_163
116,76772,96457,76772,96850,1,50,10,10,   ,7874,   ,   ,20,80,0,G_21_50,TOP_162_0,   ,1,NET_21,NET_162
117,76772,94882,76772,95276,1,50,10,10,   ,11811,   ,   ,20,80,0,G_21_49,TOP_161_0,   ,1,NET_21,NET_161
118,76772,93307,76772,93701,1,50,10,10,   ,19685,   ,   ,20,80,0,G_21_48,TOP_160_0,   ,1,NET_21,NET_160
119,76772,91732,76772,92126,1,50,10,10,   ,118100,   ,   ,20,80,0,G_21_47,TOP_159_0,   ,1,NET_21,NET_159
120,76772,88583,76772,88976,1,50,10,10,   ,196528,   ,   ,20,80,0,G_21_45,TOP_158_0,   ,1,NET_21,NET_158
121,72835,90158,72835,90551,1,50,10,10,   ,118101,   ,   ,20,80,0,G_20_120,TOP_129_1,   ,1,NET_20,NET_129
122,72835,85433,72835,85827,1,50,10,10,   ,196529,   ,   ,20,80,0,G_20_118,TOP_128_1,   ,1,NET_20,NET_128
123,76772,83858,76772,84252,1,50,10,10,   ,394035,   ,   ,20,80,0,G_21_43,TOP_157_1,   ,1,NET_21,NET_157
124,76772,76772,76772,74803,1,50,10,6,   ,4164,   ,   ,20,80,0,G_21_42,TOP_457_0,   ,1,NET_21,NET_457
125,53150,76772,53150,77165,1,50,10,10,   ,394035,   ,   ,20,80,0,G_20_42,TOP_127_0,   ,1,NET_20,NET_127
126,49213,85433,49213,85827,1,50,10,10,   ,196528,   ,   ,20,80,0,G_19_118,TOP_98_1,   ,1,NET_19,NET_98
127,49213,90158,49213,90551,1,50,10,10,   ,118100,   ,   ,20,80,0,G_19_120,TOP_99_1,   ,1,NET_19,NET_99
128,53150,93307,53150,93701,1,50,10,10,   ,19685,   ,   ,20,80,0,G_20_48,TOP_130_0,   ,1,NET_20,NET_130
129,53150,94882,53150,95276,1,50,10,10,   ,11811,   ,   ,20,80,0,G_20_49,TOP_131_0,   ,1,NET_20,NET_131
130,53150,96457,53150,96850,1,50,10,10,   ,7874,   ,   ,20,80,0,G_20_50,TOP_132_0,   ,1,NET_20,NET_132
131,53150,98032,53150,98425,1,50,10,10,   ,3937,   ,   ,20,80,0,G_20_51,TOP_133_0,   ,1,NET_20,NET_133
132,49213,105906,49213,104331,1,50,10,6,   ,39597,   ,   ,20,80,0,G_19_126,TOP_350_1,   ,1,NET_19,NET_350
133,49213,105906,49213,104724,1,50,10,6,   ,39597,   ,   ,20,80,0,G_19_126,TOP_351_1,   ,1,NET_19,NET_351
134,49213,105906,49213,106299,1,50,10,10,   ,39370,   ,   ,20,80,0,G_19_126,TOP_104_1,   ,1,NET_19,NET_104
135,49213,107480,49213,107874,1,50,10,10,   ,39370,   ,   ,20,80,0,G_19_128,TOP_105_1,   ,1,NET_19,NET_105
136,49213,109055,49213,109449,1,50,10,10,   ,39370,   ,   ,20,80,0,G_19_130,TOP_106_1,   ,1,NET_19,NET_106
137,49608,117321,49215,115746,1,50,10,6,   ,40568,   ,   ,20,80,0,G_19_132,TOP_356_1,   ,1,NET_19,NET_356
138,49608,117321,49608,115746,1,50,10,6,   ,41365,   ,   ,20,80,0,G_19_132,TOP_355_1,   ,1,NET_19,NET_355
139,49608,117321,49214,117321,1,50,10,10,   ,40021,   ,   ,20,80,0,G_19_132,TOP_107_1,   ,1,NET_19,NET_107
140,49215,118503,49215,118897,1,50,10,10,   ,39370,   ,   ,20,80,0,G_19_134,TOP_108_1,   ,1,NET_19,NET_108
141,48821,120471,49214,120471,1,50,10,10,   ,39965,   ,   ,20,80,0,G_19_96,TOP_109_1,   ,1,NET_19,NET_109
142,49214,122440,49214,122046,1,50,10,10,   ,39371,   ,   ,20,80,0,G_19_136,TOP_110_1,   ,1,NET_19,NET_110
143,49607,123620,49214,123620,1,50,10,10,   ,39957,   ,   ,20,80,0,G_19_138,TOP_111_1,   ,1,NET_19,NET_111
144,49213,145276,49213,144094,1,50,10,10,   ,39370,   ,   ,20,80,0,G_19_142,TOP_112_1,   ,1,NET_19,NET_112
145,49213,148701,49213,147244,1,50,10,10,   ,39370,   ,   ,20,80,0,G_19_144,TOP_113_1,   ,1,NET_19,NET_113
146,49213,151890,49213,150394,1,50,10,10,   ,39370,   ,   ,20,80,0,G_19_146,TOP_114_1,   ,1,NET_19,NET_114
147,49213,155118,49213,153543,1,50,10,10,   ,39370,   ,   ,20,80,0,G_19_148,TOP_115_1,   ,1,NET_19,NET_115
148,49213,157268,49213,156693,1,50,10,10,   ,39370,   ,   ,20,80,0,G_19_150,TOP_116_1,   ,1,NET_19,NET_116
149,49213,157268,49213,158268,1,50,10,10,   ,39370,   ,   ,20,80,0,G_19_150,TOP_117_1,   ,1,NET_19,NET_117
150,49213,159449,49213,159842,1,50,10,10,   ,39370,   ,   ,20,80,0,G_19_152,TOP_118_1,   ,1,NET_19,NET_118
151,49213,161221,49213,161417,1,50,10,10,   ,39370,   ,   ,20,80,0,G_19_154,TOP_119_1,   ,1,NET_19,NET_119
152,49213,162874,49213,162992,1,50,10,6,   ,39370,   ,   ,20,80,0,G_19_98,TOP_369_1,   ,1,NET_19,NET_369
153,49213,164468,49213,164567,1,50,10,6,   ,39370,   ,   ,20,80,0,G_19_100,TOP_370_1,   ,1,NET_19,NET_370
154,25591,164468,25591,164567,1,50,10,6,   ,39370,   ,   ,20,80,0,G_18_100,TOP_314_1,   ,1,NET_18,NET_314
155,25591,162874,25591,162992,1,50,10,6,   ,39370,   ,   ,20,80,0,G_18_98,TOP_313_1,   ,1,NET_18,NET_313
156,25591,161221,25591,161417,1,50,10,10,   ,39370,   ,   ,20,80,0,G_18_154,TOP_89_1,   ,1,NET_18,NET_89
157,25591,159449,25591,159842,1,50,10,10,   ,39370,   ,   ,20,80,0,G_18_152,TOP_88_1,   ,1,NET_18,NET_88
158,25591,157268,25591,158268,1,50,10,10,   ,39370,   ,   ,20,80,0,G_18_150,TOP_87_1,   ,1,NET_18,NET_87
159,25591,157268,25591,156693,1,50,10,10,   ,39370,   ,   ,20,80,0,G_18_150,TOP_86_1,   ,1,NET_18,NET_86
160,25591,155118,25591,153543,1,50,10,10,   ,39370,   ,   ,20,80,0,G_18_148,TOP_85_1,   ,1,NET_18,NET_85
161,25591,151890,25591,150394,1,50,10,10,   ,39370,   ,   ,20,80,0,G_18_146,TOP_84_1,   ,1,NET_18,NET_84
162,25591,148701,25591,147244,1,50,10,10,   ,39370,   ,   ,20,80,0,G_18_144,TOP_83_1,   ,1,NET_18,NET_83
163,25591,145276,25591,144094,1,50,10,10,   ,39370,   ,   ,20,80,0,G_18_142,TOP_82_1,   ,1,NET_18,NET_82
164,25985,123620,25592,123620,1,50,10,10,   ,39958,   ,   ,20,80,0,G_18_138,TOP_81_1,   ,1,NET_18,NET_81
165,25592,122440,25592,122046,1,50,10,10,   ,39371,   ,   ,20,80,0,G_18_136,TOP_80_1,   ,1,NET_18,NET_80
166,25199,120471,25592,120471,1,50,10,10,   ,39965,   ,   ,20,80,0,G_18_96,TOP_79_1,   ,1,NET_18,NET_79
167,25593,118503,25593,118897,1,50,10,10,   ,39370,   ,   ,20,80,0,G_18_134,TOP_78_1,   ,1,NET_18,NET_78
168,25986,117321,25592,117321,1,50,10,10,   ,40021,   ,   ,20,80,0,G_18_132,TOP_77_1,   ,1,NET_18,NET_77
169,25986,117321,25592,115746,1,50,10,6,   ,40568,   ,   ,20,80,0,G_18_132,TOP_300_1,   ,1,NET_18,NET_300
170,25986,117321,25986,115746,1,50,10,6,   ,41365,   ,   ,20,80,0,G_18_132,TOP_299_1,   ,1,NET_18,NET_299
171,25591,109055,25591,109449,1,50,10,10,   ,39370,   ,   ,20,80,0,G_18_130,TOP_76_1,   ,1,NET_18,NET_76
172,25591,107480,25591,107874,1,50,10,10,   ,39370,   ,   ,20,80,0,G_18_128,TOP_75_1,   ,1,NET_18,NET_75
173,25591,105906,25591,106299,1,50,10,10,   ,39370,   ,   ,20,80,0,G_18_126,TOP_74_1,   ,1,NET_18,NET_74
174,25591,105906,25591,104724,1,50,10,6,   ,39597,   ,   ,20,80,0,G_18_126,TOP_295_1,   ,1,NET_18,NET_295
175,25591,105906,25591,104331,1,50,10,6,   ,39597,   ,   ,20,80,0,G_18_126,TOP_294_1,   ,1,NET_18,NET_294
176,29528,98032,29528,98425,1,50,10,10,   ,3937,   ,   ,20,80,0,G_19_51,TOP_103_0,   ,1,NET_19,NET_103
177,29528,96457,29528,96850,1,50,10,10,   ,7874,   ,   ,20,80,0,G_19_50,TOP_102_0,   ,1,NET_19,NET_102
178,29528,94882,29528,95276,1,50,10,10,   ,11811,   ,   ,20,80,0,G_19_49,TOP_101_0,   ,1,NET_19,NET_101
179,29528,93307,29528,93701,1,50,10,10,   ,19685,   ,   ,20,80,0,G_19_48,TOP_100_0,   ,1,NET_19,NET_100
180,25591,90158,25591,90551,1,50,10,10,   ,118101,   ,   ,20,80,0,G_18_120,TOP_69_1,   ,1,NET_18,NET_69
181,25591,85433,25591,85827,1,50,10,10,   ,196529,   ,   ,20,80,0,G_18_118,TOP_68_1,   ,1,NET_18,NET_68
182,29528,83858,29528,84252,1,50,10,10,   ,394035,   ,   ,20,80,0,G_19_43,TOP_97_1,   ,1,NET_19,NET_97
183,29528,76772,29528,74803,1,50,10,6,   ,4164,   ,   ,20,80,0,G_19_42,TOP_345_0,   ,1,NET_19,NET_345
184,5906,76772,5906,77165,1,50,10,10,   ,394035,   ,   ,20,80,0,G_18_42,TOP_67_0,   ,1,NET_18,NET_67
185,5906,93307,5906,93701,1,50,10,10,   ,19685,   ,   ,20,80,0,G_18_48,TOP_70_0,   ,1,NET_18,NET_70
186,5906,94882,5906,95276,1,50,10,10,   ,11811,   ,   ,20,80,0,G_18_49,TOP_71_0,   ,1,NET_18,NET_71
187,5906,96457,5906,96850,1,50,10,10,   ,7874,   ,   ,20,80,0,G_18_50,TOP_72_0,   ,1,NET_18,NET_72
188,5906,98032,5906,98425,1,50,10,10,   ,3937,   ,   ,20,80,0,G_18_51,TOP_73_0,   ,1,NET_18,NET_73
189,100394,76772,100394,74803,1,50,10,6,   ,4164,   ,   ,20,80,0,G_22_42,TOP_513_0,   ,1,NET_22,NET_513
190,100394,76772,100394,77165,1,50,10,10,   ,394035,   ,   ,20,80,0,G_22_42,TOP_187_0,   ,1,NET_22,NET_187
191,5906,19685,5906,20866,1,50,10,10,   ,79524,   ,   ,20,80,0,G_18_15,BOT_56_0,   ,0,NET_18,NET_56
192,29529,19685,29529,20866,1,50,10,10,   ,79524,   ,   ,20,80,0,G_19_15,BOT_83_0,   ,0,NET_19,NET_83
193,53151,19685,53151,20866,1,50,10,10,   ,79524,   ,   ,20,80,0,G_20_15,BOT_110_0,   ,0,NET_20,NET_110
194,76773,19685,76773,20866,1,50,10,10,   ,79524,   ,   ,20,80,0,G_21_15,BOT_137_0,   ,0,NET_21,NET_137
195,100395,19685,100395,20866,1,50,10,10,   ,79524,   ,   ,20,80,0,G_22_15,BOT_164_0,   ,0,NET_22,NET_164
196,124017,19685,124017,20866,1,50,10,10,   ,79524,   ,   ,20,80,0,G_23_15,BOT_191_0,   ,0,NET_23,NET_191
197,120078,76773,120079,74803,1,50,10,6,   ,4164,   ,   ,20,80,0,G_22_116,BOT_484_1,   ,0,NET_22,NET_484
198,120078,76773,120078,77166,1,50,10,10,   ,394035,   ,   ,20,80,0,G_22_116,BOT_166_0,   ,0,NET_22,NET_166
199,124015,85434,124015,85828,1,50,10,10,   ,196528,   ,   ,20,80,0,G_23_44,BOT_194_0,   ,0,NET_23,NET_194
200,124015,90159,124015,90552,1,50,10,10,   ,118100,   ,   ,20,80,0,G_23_46,BOT_195_0,   ,0,NET_23,NET_195
201,120078,88584,120078,88978,1,50,10,10,   ,196528,   ,   ,20,80,0,G_22_119,BOT_167_1,   ,0,NET_22,NET_167
202,120078,91733,120078,92127,1,50,10,10,   ,118100,   ,   ,20,80,0,G_22_121,BOT_168_1,   ,0,NET_22,NET_168
203,120078,93308,120078,93702,1,50,10,10,   ,19685,   ,   ,20,80,0,G_22_122,BOT_185_1,   ,0,NET_22,NET_185
204,120078,94883,120078,95277,1,50,10,10,   ,11811,   ,   ,20,80,0,G_22_123,BOT_186_1,   ,0,NET_22,NET_186
205,120078,96458,120078,96852,1,50,10,10,   ,7874,   ,   ,20,80,0,G_22_124,BOT_187_1,   ,0,NET_22,NET_187
206,120078,98033,120078,98426,1,50,10,10,   ,3937,   ,   ,20,80,0,G_22_125,BOT_188_1,   ,0,NET_22,NET_188
207,120079,105906,120079,104331,1,50,10,6,   ,39597,   ,   ,20,80,0,G_22_127,BOT_454_1,   ,0,NET_22,NET_454
208,120079,105906,120079,104725,1,50,10,6,   ,39597,   ,   ,20,80,0,G_22_127,BOT_455_1,   ,0,NET_22,NET_455
209,120079,105906,120079,106300,1,50,10,10,   ,39370,   ,   ,20,80,0,G_22_127,BOT_169_1,   ,0,NET_22,NET_169
210,120079,107481,120079,107874,1,50,10,10,   ,39370,   ,   ,20,80,0,G_22_129,BOT_170_1,   ,0,NET_22,NET_170
211,120079,109056,120079,109449,1,50,10,10,   ,39370,   ,   ,20,80,0,G_22_131,BOT_171_1,   ,0,NET_22,NET_171
212,120473,117321,120081,115746,1,50,10,6,   ,40570,   ,   ,20,80,0,G_22_133,BOT_460_1,   ,0,NET_22,NET_460
213,120473,117321,120474,115746,1,50,10,6,   ,41365,   ,   ,20,80,0,G_22_133,BOT_459_1,   ,0,NET_22,NET_459
214,120473,117321,120080,117321,1,50,10,10,   ,40019,   ,   ,20,80,0,G_22_133,BOT_172_1,   ,0,NET_22,NET_172
215,120079,118502,120079,118896,1,50,10,10,   ,39370,   ,   ,20,80,0,G_22_135,BOT_173_1,   ,0,NET_22,NET_173
216,119686,120470,120080,120470,1,50,10,10,   ,39971,   ,   ,20,80,0,G_22_97,BOT_174_1,   ,0,NET_22,NET_174
217,120080,122438,120080,122045,1,50,10,10,   ,39371,   ,   ,20,80,0,G_22_137,BOT_175_1,   ,0,NET_22,NET_175
218,120473,123620,120080,123620,1,50,10,10,   ,39956,   ,   ,20,80,0,G_22_139,BOT_176_1,   ,0,NET_22,NET_176
219,124411,123621,124017,123621,1,50,10,10,   ,39956,   ,   ,20,80,0,G_23_87,BOT_203_0,   ,0,NET_23,NET_203
220,124017,122440,124017,122046,1,50,10,10,   ,39371,   ,   ,20,80,0,G_23_63,BOT_202_0,   ,0,NET_23,NET_202
221,123623,120471,124016,120471,1,50,10,10,   ,39971,   ,   ,20,80,0,G_23_61,BOT_201_0,   ,0,NET_23,NET_201
222,124016,118502,124016,118896,1,50,10,10,   ,39370,   ,   ,20,80,0,G_23_59,BOT_200_0,   ,0,NET_23,NET_200
223,124411,117321,124017,117321,1,50,10,10,   ,40019,   ,   ,20,80,0,G_23_85,BOT_199_0,   ,0,NET_23,NET_199
224,124411,117321,124017,115747,1,50,10,6,   ,41365,   ,   ,20,80,0,G_23_85,BOT_509_0,   ,0,NET_23,NET_509
225,124411,117321,124411,115747,1,50,10,6,   ,40570,   ,   ,20,80,0,G_23_85,BOT_510_0,   ,0,NET_23,NET_510
226,124016,109056,124016,109449,1,50,10,10,   ,39370,   ,   ,20,80,0,G_23_57,BOT_198_0,   ,0,NET_23,NET_198
227,124016,107481,124016,107874,1,50,10,10,   ,39370,   ,   ,20,80,0,G_23_55,BOT_197_0,   ,0,NET_23,NET_197
228,124016,105906,124016,106300,1,50,10,10,   ,39370,   ,   ,20,80,0,G_23_53,BOT_196_0,   ,0,NET_23,NET_196
229,124016,105906,124016,104725,1,50,10,6,   ,39597,   ,   ,20,80,0,G_23_53,BOT_505_0,   ,0,NET_23,NET_505
230,124016,105906,124016,104331,1,50,10,6,   ,39597,   ,   ,20,80,0,G_23_53,BOT_504_0,   ,0,NET_23,NET_504
231,133858,93308,133858,93702,1,50,10,10,   ,19685,   ,   ,20,80,0,G_23_92,BOT_212_0,   ,0,NET_23,NET_212
232,137795,94883,137795,95277,1,50,10,10,   ,11811,   ,   ,20,80,0,G_23_93,BOT_213_0,   ,0,NET_23,NET_213
233,139763,96458,139763,96852,1,50,10,10,   ,7874,   ,   ,20,80,0,G_23_94,BOT_214_0,   ,0,NET_23,NET_214
234,141732,98033,141732,98426,1,50,10,10,   ,3937,   ,   ,20,80,0,G_23_95,BOT_215_0,   ,0,NET_23,NET_215
235,143700,83859,143700,84253,1,50,10,10,   ,394033,   ,   ,20,80,0,G_23_117,BOT_193_1,   ,0,NET_23,NET_193
236,143700,76773,143701,74803,1,50,10,6,   ,4164,   ,   ,20,80,0,G_23_116,BOT_534_1,   ,0,NET_23,NET_534
237,96456,76773,96457,74803,1,50,10,6,   ,4164,   ,   ,20,80,0,G_21_116,BOT_434_1,   ,0,NET_21,NET_434
238,96456,76773,96456,77166,1,50,10,10,   ,394033,   ,   ,20,80,0,G_21_116,BOT_139_0,   ,0,NET_21,NET_139
239,96456,88584,96456,88978,1,50,10,10,   ,196529,   ,   ,20,80,0,G_21_119,BOT_140_1,   ,0,NET_21,NET_140
240,96456,91733,96456,92127,1,50,10,10,   ,118101,   ,   ,20,80,0,G_21_121,BOT_141_1,   ,0,NET_21,NET_141
241,96456,93308,96456,93702,1,50,10,10,   ,19685,   ,   ,20,80,0,G_21_122,BOT_158_1,   ,0,NET_21,NET_158
242,96456,94883,96456,95277,1,50,10,10,   ,11811,   ,   ,20,80,0,G_21_123,BOT_159_1,   ,0,NET_21,NET_159
243,96456,96458,96456,96852,1,50,10,10,   ,7874,   ,   ,20,80,0,G_21_124,BOT_160_1,   ,0,NET_21,NET_160
244,96456,98033,96456,98426,1,50,10,10,   ,3937,   ,   ,20,80,0,G_21_125,BOT_161_1,   ,0,NET_21,NET_161
245,96457,105906,96457,104331,1,50,10,6,   ,39597,   ,   ,20,80,0,G_21_127,BOT_404_1,   ,0,NET_21,NET_404
246,96457,105906,96457,104725,1,50,10,6,   ,39597,   ,   ,20,80,0,G_21_127,BOT_405_1,   ,0,NET_21,NET_405
247,96457,105906,96457,106300,1,50,10,10,   ,39370,   ,   ,20,80,0,G_21_127,BOT_142_1,   ,0,NET_21,NET_142
248,96457,107481,96457,107874,1,50,10,10,   ,39370,   ,   ,20,80,0,G_21_129,BOT_143_1,   ,0,NET_21,NET_143
249,96457,109056,96457,109449,1,50,10,10,   ,39370,   ,   ,20,80,0,G_21_131,BOT_144_1,   ,0,NET_21,NET_144
250,96851,117321,96459,115746,1,50,10,6,   ,40570,   ,   ,20,80,0,G_21_133,BOT_410_1,   ,0,NET_21,NET_410
251,96851,117321,96852,115746,1,50,10,6,   ,41365,   ,   ,20,80,0,G_21_133,BOT_409_1,   ,0,NET_21,NET_409
252,96851,117321,96458,117321,1,50,10,10,   ,40019,   ,   ,20,80,0,G_21_133,BOT_145_1,   ,0,NET_21,NET_145
253,96457,118502,96457,118896,1,50,10,10,   ,39370,   ,   ,20,80,0,G_21_135,BOT_146_1,   ,0,NET_21,NET_146
254,96064,120470,96458,120470,1,50,10,10,   ,39971,   ,   ,20,80,0,G_21_97,BOT_147_1,   ,0,NET_21,NET_147
255,96458,122438,96458,122045,1,50,10,10,   ,39371,   ,   ,20,80,0,G_21_137,BOT_148_1,   ,0,NET_21,NET_148
256,96851,123620,96458,123620,1,50,10,10,   ,39956,   ,   ,20,80,0,G_21_139,BOT_149_1,   ,0,NET_21,NET_149
257,96457,145276,96457,144095,1,50,10,10,   ,39370,   ,   ,20,80,0,G_21_143,BOT_150_1,   ,0,NET_21,NET_150
258,96457,148701,96457,147244,1,50,10,10,   ,39370,   ,   ,20,80,0,G_21_145,BOT_151_1,   ,0,NET_21,NET_151
259,96457,151890,96457,150394,1,50,10,10,   ,39370,   ,   ,20,80,0,G_21_147,BOT_152_1,   ,0,NET_21,NET_152
260,96457,155118,96457,153543,1,50,10,10,   ,39370,   ,   ,20,80,0,G_21_149,BOT_153_1,   ,0,NET_21,NET_153
261,96457,157268,96457,156693,1,50,10,10,   ,39370,   ,   ,20,80,0,G_21_151,BOT_154_1,   ,0,NET_21,NET_154
262,96457,157268,96457,158268,1,50,10,10,   ,39370,   ,   ,20,80,0,G_21_151,BOT_155_1,   ,0,NET_21,NET_155
263,96457,159449,96457,159843,1,50,10,10,   ,39370,   ,   ,20,80,0,G_21_153,BOT_156_1,   ,0,NET_21,NET_156
264,96457,161221,96457,161417,1,50,10,10,   ,39370,   ,   ,20,80,0,G_21_155,BOT_157_1,   ,0,NET_21,NET_157
265,96457,162874,96457,162992,1,50,10,6,   ,39370,   ,   ,20,80,0,G_21_99,BOT_423_1,   ,0,NET_21,NET_423
266,96457,164469,96457,164567,1,50,10,6,   ,39370,   ,   ,20,80,0,G_21_101,BOT_424_1,   ,0,NET_21,NET_424
267,100394,164469,100394,164567,1,50,10,6,   ,39370,   ,   ,20,80,0,G_22_83,BOT_474_0,   ,0,NET_22,NET_474
268,100394,162874,100394,162992,1,50,10,6,   ,39370,   ,   ,20,80,0,G_22_81,BOT_473_0,   ,0,NET_22,NET_473
269,100394,161221,100394,161417,1,50,10,10,   ,39370,   ,   ,20,80,0,G_22_79,BOT_184_0,   ,0,NET_22,NET_184
270,100394,159449,100394,159843,1,50,10,10,   ,39370,   ,   ,20,80,0,G_22_77,BOT_183_0,   ,0,NET_22,NET_183
271,100394,157268,100394,158268,1,50,10,10,   ,39370,   ,   ,20,80,0,G_22_75,BOT_182_0,   ,0,NET_22,NET_182
272,100394,157268,100394,156693,1,50,10,10,   ,39370,   ,   ,20,80,0,G_22_75,BOT_181_0,   ,0,NET_22,NET_181
273,100394,155118,100394,153543,1,50,10,10,   ,39370,   ,   ,20,80,0,G_22_73,BOT_180_0,   ,0,NET_22,NET_180
274,100394,151890,100394,150394,1,50,10,10,   ,39370,   ,   ,20,80,0,G_22_71,BOT_179_0,   ,0,NET_22,NET_179
275,100394,148701,100394,147244,1,50,10,10,   ,39370,   ,   ,20,80,0,G_22_69,BOT_178_0,   ,0,NET_22,NET_178
276,100394,145276,100394,144095,1,50,10,10,   ,39370,   ,   ,20,80,0,G_22_67,BOT_177_0,   ,0,NET_22,NET_177
277,124016,145276,124016,144095,1,50,10,10,   ,39370,   ,   ,20,80,0,G_23_67,BOT_204_0,   ,0,NET_23,NET_204
278,124016,148701,124016,147244,1,50,10,10,   ,39370,   ,   ,20,80,0,G_23_69,BOT_205_0,   ,0,NET_23,NET_205
279,124016,151890,124016,150394,1,50,10,10,   ,39370,   ,   ,20,80,0,G_23_71,BOT_206_0,   ,0,NET_23,NET_206
280,124016,155118,124016,153543,1,50,10,10,   ,39370,   ,   ,20,80,0,G_23_73,BOT_207_0,   ,0,NET_23,NET_207
281,124016,157268,124016,156693,1,50,10,10,   ,39370,   ,   ,20,80,0,G_23_75,BOT_208_0,   ,0,NET_23,NET_208
282,124016,157268,124016,158268,1,50,10,10,   ,39370,   ,   ,20,80,0,G_23_75,BOT_209_0,   ,0,NET_23,NET_209
283,124016,159449,124016,159843,1,50,10,10,   ,39370,   ,   ,20,80,0,G_23_77,BOT_210_0,   ,0,NET_23,NET_210
284,124016,161221,124016,161417,1,50,10,10,   ,39370,   ,   ,20,80,0,G_23_79,BOT_211_0,   ,0,NET_23,NET_211
285,124016,162874,124016,162992,1,50,10,6,   ,39370,   ,   ,20,80,0,G_23_81,BOT_523_0,   ,0,NET_23,NET_523
286,124016,164469,124016,164567,1,50,10,6,   ,39370,   ,   ,20,80,0,G_23_83,BOT_524_0,   ,0,NET_23,NET_524
287,72835,164469,72835,164567,1,50,10,6,   ,39370,   ,   ,20,80,0,G_20_101,BOT_374_1,   ,0,NET_20,NET_374
288,72835,162874,72835,162992,1,50,10,6,   ,39370,   ,   ,20,80,0,G_20_99,BOT_373_1,   ,0,NET_20,NET_373
289,72835,161221,72835,161417,1,50,10,10,   ,39370,   ,   ,20,80,0,G_20_155,BOT_130_1,   ,0,NET_20,NET_130
290,72835,159449,72835,159843,1,50,10,10,   ,39370,   ,   ,20,80,0,G_20_153,BOT_129_1,   ,0,NET_20,NET_129
291,72835,157268,72835,158268,1,50,10,10,   ,39370,   ,   ,20,80,0,G_20_151,BOT_128_1,   ,0,NET_20,NET_128
292,72835,157268,72835,156693,1,50,10,10,   ,39370,   ,   ,20,80,0,G_20_151,BOT_127_1,   ,0,NET_20,NET_127
293,72835,155118,72835,153543,1,50,10,10,   ,39370,   ,   ,20,80,0,G_20_149,BOT_126_1,   ,0,NET_20,NET_126
294,72835,151890,72835,150394,1,50,10,10,   ,39370,   ,   ,20,80,0,G_20_147,BOT_125_1,   ,0,NET_20,NET_125
295,72835,148701,72835,147244,1,50,10,10,   ,39370,   ,   ,20,80,0,G_20_145,BOT_124_1,   ,0,NET_20,NET_124
296,72835,145276,72835,144095,1,50,10,10,   ,39370,   ,   ,20,80,0,G_20_143,BOT_123_1,   ,0,NET_20,NET_123
297,73229,123620,72836,123620,1,50,10,10,   ,39956,   ,   ,20,80,0,G_20_139,BOT_122_1,   ,0,NET_20,NET_122
298,72836,122438,72836,122045,1,50,10,10,   ,39371,   ,   ,20,80,0,G_20_137,BOT_121_1,   ,0,NET_20,NET_121
299,72442,120470,72836,120470,1,50,10,10,   ,39971,   ,   ,20,80,0,G_20_97,BOT_120_1,   ,0,NET_20,NET_120
300,72835,118502,72835,118896,1,50,10,10,   ,39370,   ,   ,20,80,0,G_20_135,BOT_119_1,   ,0,NET_20,NET_119
301,73229,117321,72836,117321,1,50,10,10,   ,40019,   ,   ,20,80,0,G_20_133,BOT_118_1,   ,0,NET_20,NET_118
302,73229,117321,72836,115746,1,50,10,6,   ,40570,   ,   ,20,80,0,G_20_133,BOT_360_1,   ,0,NET_20,NET_360
303,73229,117321,73230,115746,1,50,10,6,   ,41365,   ,   ,20,80,0,G_20_133,BOT_359_1,   ,0,NET_20,NET_359
304,72835,109056,72835,109449,1,50,10,10,   ,39370,   ,   ,20,80,0,G_20_131,BOT_117_1,   ,0,NET_20,NET_117
305,72835,107481,72835,107874,1,50,10,10,   ,39370,   ,   ,20,80,0,G_20_129,BOT_116_1,   ,0,NET_20,NET_116
306,72835,105906,72835,106300,1,50,10,10,   ,39370,   ,   ,20,80,0,G_20_127,BOT_115_1,   ,0,NET_20,NET_115
307,72835,105906,72835,104725,1,50,10,6,   ,39597,   ,   ,20,80,0,G_20_127,BOT_355_1,   ,0,NET_20,NET_355
308,72835,105906,72835,104331,1,50,10,6,   ,39597,   ,   ,20,80,0,G_20_127,BOT_354_1,   ,0,NET_20,NET_354
309,72834,98033,72834,98426,1,50,10,10,   ,3937,   ,   ,20,80,0,G_20_125,BOT_134_1,   ,0,NET_20,NET_134
310,72834,96458,72834,96852,1,50,10,10,   ,7874,   ,   ,20,80,0,G_20_124,BOT_133_1,   ,0,NET_20,NET_133
311,72834,94883,72834,95277,1,50,10,10,   ,11811,   ,   ,20,80,0,G_20_123,BOT_132_1,   ,0,NET_20,NET_132
312,72834,93308,72834,93702,1,50,10,10,   ,19685,   ,   ,20,80,0,G_20_122,BOT_131_1,   ,0,NET_20,NET_131
313,72834,91733,72834,92127,1,50,10,10,   ,118100,   ,   ,20,80,0,G_20_121,BOT_114_1,   ,0,NET_20,NET_114
314,72834,88584,72834,88978,1,50,10,10,   ,196528,   ,   ,20,80,0,G_20_119,BOT_113_1,   ,0,NET_20,NET_113
315,72834,83859,72834,84253,1,50,10,10,   ,394035,   ,   ,20,80,0,G_20_117,BOT_112_1,   ,0,NET_20,NET_112
316,72834,76773,72835,74803,1,50,10,6,   ,4164,   ,   ,20,80,0,G_20_116,BOT_384_1,   ,0,NET_20,NET_384
317,49212,76773,49213,74803,1,50,10,6,   ,4164,   ,   ,20,80,0,G_19_116,BOT_334_1,   ,0,NET_19,NET_334
318,49212,76773,49212,77166,1,50,10,10,   ,394035,   ,   ,20,80,0,G_19_116,BOT_85_0,   ,0,NET_19,NET_85
319,49212,88584,49212,88978,1,50,10,10,   ,196529,   ,   ,20,80,0,G_19_119,BOT_86_1,   ,0,NET_19,NET_86
320,49212,91733,49212,92127,1,50,10,10,   ,118101,   ,   ,20,80,0,G_19_121,BOT_87_1,   ,0,NET_19,NET_87
321,49212,93308,49212,93702,1,50,10,10,   ,19685,   ,   ,20,80,0,G_19_122,BOT_104_1,   ,0,NET_19,NET_104
322,49212,94883,49212,95277,1,50,10,10,   ,11811,   ,   ,20,80,0,G_19_123,BOT_105_1,   ,0,NET_19,NET_105
323,49212,96458,49212,96852,1,50,10,10,   ,7874,   ,   ,20,80,0,G_19_124,BOT_106_1,   ,0,NET_19,NET_106
324,49212,98033,49212,98426,1,50,10,10,   ,3937,   ,   ,20,80,0,G_19_125,BOT_107_1,   ,0,NET_19,NET_107
325,49213,105906,49213,104331,1,50,10,6,   ,39597,   ,   ,20,80,0,G_19_127,BOT_304_1,   ,0,NET_19,NET_304
326,49213,105906,49213,104725,1,50,10,6,   ,39597,   ,   ,20,80,0,G_19_127,BOT_305_1,   ,0,NET_19,NET_305
327,49213,105906,49213,106300,1,50,10,10,   ,39370,   ,   ,20,80,0,G_19_127,BOT_88_1,   ,0,NET_19,NET_88
328,49213,107481,49213,107874,1,50,10,10,   ,39370,   ,   ,20,80,0,G_19_129,BOT_89_1,   ,0,NET_19,NET_89
329,49213,109056,49213,109449,1,50,10,10,   ,39370,   ,   ,20,80,0,G_19_131,BOT_90_1,   ,0,NET_19,NET_90
330,49607,117321,49214,115746,1,50,10,6,   ,40569,   ,   ,20,80,0,G_19_133,BOT_310_1,   ,0,NET_19,NET_310
331,49607,117321,49608,115746,1,50,10,6,   ,41365,   ,   ,20,80,0,G_19_133,BOT_309_1,   ,0,NET_19,NET_309
332,49607,117321,49213,117321,1,50,10,10,   ,40019,   ,   ,20,80,0,G_19_133,BOT_91_1,   ,0,NET_19,NET_91
333,49213,118502,49213,118896,1,50,10,10,   ,39370,   ,   ,20,80,0,G_19_135,BOT_92_1,   ,0,NET_19,NET_92
334,48820,120470,49214,120470,1,50,10,10,   ,39971,   ,   ,20,80,0,G_19_97,BOT_93_1,   ,0,NET_19,NET_93
335,49214,122438,49214,122045,1,50,10,10,   ,39371,   ,   ,20,80,0,G_19_137,BOT_94_1,   ,0,NET_19,NET_94
336,49607,123620,49214,123620,1,50,10,10,   ,39956,   ,   ,20,80,0,G_19_139,BOT_95_1,   ,0,NET_19,NET_95
337,49213,145276,49213,144095,1,50,10,10,   ,39370,   ,   ,20,80,0,G_19_143,BOT_96_1,   ,0,NET_19,NET_96
338,49213,148701,49213,147244,1,50,10,10,   ,39370,   ,   ,20,80,0,G_19_145,BOT_97_1,   ,0,NET_19,NET_97
339,49213,151890,49213,150394,1,50,10,10,   ,39370,   ,   ,20,80,0,G_19_147,BOT_98_1,   ,0,NET_19,NET_98
340,49213,155118,49213,153543,1,50,10,10,   ,39370,   ,   ,20,80,0,G_19_149,BOT_99_1,   ,0,NET_19,NET_99
341,49213,157268,49213,156693,1,50,10,10,   ,39370,   ,   ,20,80,0,G_19_151,BOT_100_1,   ,0,NET_19,NET_100
342,49213,157268,49213,158268,1,50,10,10,   ,39370,   ,   ,20,80,0,G_19_151,BOT_101_1,   ,0,NET_19,NET_101
343,49213,159449,49213,159843,1,50,10,10,   ,39370,   ,   ,20,80,0,G_19_153,BOT_102_1,   ,0,NET_19,NET_102
344,49213,161221,49213,161417,1,50,10,10,   ,39370,   ,   ,20,80,0,G_19_155,BOT_103_1,   ,0,NET_19,NET_103
345,49213,162874,49213,162992,1,50,10,6,   ,39370,   ,   ,20,80,0,G_19_99,BOT_323_1,   ,0,NET_19,NET_323
346,49213,164469,49213,164567,1,50,10,6,   ,39370,   ,   ,20,80,0,G_19_101,BOT_324_1,   ,0,NET_19,NET_324
347,25591,164469,25591,164567,1,50,10,6,   ,39370,   ,   ,20,80,0,G_18_101,BOT_274_1,   ,0,NET_18,NET_274
348,25591,162874,25591,162992,1,50,10,6,   ,78740,   ,   ,20,80,0,G_18_99,BOT_273_1,   ,0,NET_18,NET_273
349,25591,161221,25591,161417,1,50,10,10,   ,39370,   ,   ,20,80,0,G_18_155,BOT_76_1,   ,0,NET_18,NET_76
350,25591,159449,25591,159843,1,50,10,10,   ,39370,   ,   ,20,80,0,G_18_153,BOT_75_1,   ,0,NET_18,NET_75
351,25591,157268,25591,158268,1,50,10,10,   ,39370,   ,   ,20,80,0,G_18_151,BOT_74_1,   ,0,NET_18,NET_74
352,25591,157268,25591,156693,1,50,10,10,   ,39370,   ,   ,20,80,0,G_18_151,BOT_73_1,   ,0,NET_18,NET_73
353,25591,155118,25591,153543,1,50,10,10,   ,39370,   ,   ,20,80,0,G_18_149,BOT_72_1,   ,0,NET_18,NET_72
354,25591,151890,25591,150394,1,50,10,10,   ,39370,   ,   ,20,80,0,G_18_147,BOT_71_1,   ,0,NET_18,NET_71
355,25591,148701,25591,147244,1,50,10,10,   ,39370,   ,   ,20,80,0,G_18_145,BOT_70_1,   ,0,NET_18,NET_70
356,25591,145276,25591,144095,1,50,10,10,   ,39370,   ,   ,20,80,0,G_18_143,BOT_69_1,   ,0,NET_18,NET_69
357,25985,123620,25592,123620,1,50,10,10,   ,39956,   ,   ,20,80,0,G_18_139,BOT_68_1,   ,0,NET_18,NET_68
358,25592,122438,25592,122045,1,50,10,10,   ,39371,   ,   ,20,80,0,G_18_137,BOT_67_1,   ,0,NET_18,NET_67
359,25198,120470,25592,120470,1,50,10,10,   ,39971,   ,   ,20,80,0,G_18_97,BOT_66_1,   ,0,NET_18,NET_66
360,25591,118502,25591,118896,1,50,10,10,   ,39370,   ,   ,20,80,0,G_18_135,BOT_65_1,   ,0,NET_18,NET_65
361,25985,117321,25591,117321,1,50,10,10,   ,40019,   ,   ,20,80,0,G_18_133,BOT_64_1,   ,0,NET_18,NET_64
362,25985,117321,25592,115746,1,50,10,6,   ,40570,   ,   ,20,80,0,G_18_133,BOT_259_1,   ,0,NET_18,NET_259
363,25985,117321,25986,115746,1,50,10,6,   ,41365,   ,   ,20,80,0,G_18_133,BOT_260_1,   ,0,NET_18,NET_260
364,25590,109056,25590,109449,1,50,10,10,   ,39370,   ,   ,20,80,0,G_18_131,BOT_63_1,   ,0,NET_18,NET_63
365,25590,107481,25590,107874,1,50,10,10,   ,39370,   ,   ,20,80,0,G_18_129,BOT_62_1,   ,0,NET_18,NET_62
366,25590,105906,25590,106300,1,50,10,10,   ,39370,   ,   ,20,80,0,G_18_127,BOT_61_1,   ,0,NET_18,NET_61
367,25590,105906,25590,104725,1,50,10,6,   ,39597,   ,   ,20,80,0,G_18_127,BOT_255_1,   ,0,NET_18,NET_255
368,25590,105906,25590,104331,1,50,10,6,   ,39597,   ,   ,20,80,0,G_18_127,BOT_254_1,   ,0,NET_18,NET_254
369,25590,98033,25590,98426,1,50,10,10,   ,3937,   ,   ,20,80,0,G_18_125,BOT_80_1,   ,0,NET_18,NET_80
370,25590,96458,25590,96852,1,50,10,10,   ,7874,   ,   ,20,80,0,G_18_124,BOT_79_1,   ,0,NET_18,NET_79
371,25590,94883,25590,95277,1,50,10,10,   ,11811,   ,   ,20,80,0,G_18_123,BOT_78_1,   ,0,NET_18,NET_78
372,25590,93308,25590,93702,1,50,10,10,   ,19685,   ,   ,20,80,0,G_18_122,BOT_77_1,   ,0,NET_18,NET_77
373,25590,91733,25590,92127,1,50,10,10,   ,118100,   ,   ,20,80,0,G_18_121,BOT_60_1,   ,0,NET_18,NET_60
374,25590,88584,25590,88978,1,50,10,10,   ,196528,   ,   ,20,80,0,G_18_119,BOT_59_1,   ,0,NET_18,NET_59
375,25590,83859,25590,84253,1,50,10,10,   ,394035,   ,   ,20,80,0,G_18_117,BOT_58_1,   ,0,NET_18,NET_58
376,25590,76773,25591,74803,1,50,10,6,   ,4164,   ,   ,20,80,0,G_18_116,BOT_283_1,   ,0,NET_18,NET_283
